0
62500000
125000000
187500000
250000000
312500000
375000000
437500000
500000000
562500000
625000000
687500000
750000000
812500000
875000000
937500000
1000000000
1062500000
1125000000
1187500000
1250000000
1312500000
1375000000
1437500000
1500000000
1562500000
1625000000
1687500000
1750000000
1812500000
1875000000
1937500000
2000000000
2062500000
2125000000
2187500000
2250000000
2312500000
2375000000
2437500000
2500000000
2562500000
2625000000
2687500000
2750000000
2812500000
2875000000
2937500000
3000000000
3062500000
3125000000
3187500000
3250000000
3312500000
3375000000
3437500000
3500000000
3562500000
3625000000
3687500000
3750000000
3812500000
3875000000
3937500000
4000000000
4062500000
4125000000
4187500000
4250000000
4312500000
4375000000
4437500000
4500000000
4562500000
4625000000
4687500000
4750000000
4812500000
4875000000
4937500000
5000000000
5062500000
5125000000
5187500000
5250000000
5312500000
5375000000
5437500000
5500000000
5562500000
5625000000
5687500000
5750000000
5812500000
5875000000
5937500000
6000000000
6062500000
6125000000
6187500000
6250000000
6312500000
6375000000
6437500000
6500000000
6562500000
6625000000
6687500000
6750000000
6812500000
6875000000
6937500000
7000000000
7062500000
7125000000
7187500000
7250000000
7312500000
7375000000
7437500000
7500000000
7562500000
7625000000
7687500000
7750000000
7812500000
7875000000
7937500000
8000000000
8062500000
8125000000
8187500000
8250000000
8312500000
8375000000
8437500000
8500000000
8562500000
8625000000
8687500000
8750000000
8812500000
8875000000
8937500000
9000000000
9062500000
9125000000
9187500000
9250000000
9312500000
9375000000
9437500000
9500000000
9562500000
9625000000
9687500000
9750000000
9812500000
9875000000
9937500000
10000000000
10062500000
10125000000
10187500000
10250000000
10312500000
10375000000
10437500000
10500000000
10562500000
10625000000
10687500000
10750000000
10812500000
10875000000
10937500000
11000000000
11062500000
11125000000
11187500000
11250000000
11312500000
11375000000
11437500000
11500000000
11562500000
11625000000
11687500000
11750000000
11812500000
11875000000
11937500000
12000000000
12062500000
12125000000
12187500000
12250000000
12312500000
12375000000
12437500000
12500000000
12562500000
12625000000
12687500000
12750000000
12812500000
12875000000
12937500000
13000000000
13062500000
13125000000
13187500000
13250000000
13312500000
13375000000
13437500000
13500000000
13562500000
13625000000
13687500000
13750000000
13812500000
13875000000
13937500000
14000000000
14062500000
14125000000
14187500000
14250000000
14312500000
14375000000
14437500000
14500000000
14562500000
14625000000
14687500000
14750000000
14812500000
14875000000
14937500000
15000000000
15062500000
15125000000
15187500000
15250000000
15312500000
15375000000
15437500000
15500000000
15562500000
15625000000
15687500000
15750000000
15812500000
15875000000
15937500000
16000000000
16062500000
16125000000
16187500000
16250000000
16312500000
16375000000
16437500000
16500000000
16562500000
16625000000
16687500000
16750000000
16812500000
16875000000
16937500000
17000000000
17062500000
17125000000
17187500000
17250000000
17312500000
17375000000
17437500000
17500000000
17562500000
17625000000
17687500000
17750000000
17812500000
17875000000
17937500000
18000000000
18062500000
18125000000
18187500000
18250000000
18312500000
18375000000
18437500000
18500000000
18562500000
18625000000
18687500000
18750000000
18812500000
18875000000
18937500000
19000000000
19062500000
19125000000
19187500000
19250000000
19312500000
19375000000
19437500000
19500000000
19562500000
19625000000
19687500000
19750000000
19812500000
19875000000
19937500000
20000000000
20062500000
20125000000
20187500000
20250000000
20312500000
20375000000
20437500000
20500000000
20562500000
20625000000
20687500000
20750000000
20812500000
20875000000
20937500000
21000000000
21062500000
21125000000
21187500000
21250000000
21312500000
21375000000
21437500000
21500000000
21562500000
21625000000
21687500000
21750000000
21812500000
21875000000
21937500000
22000000000
22062500000
22125000000
22187500000
22250000000
22312500000
22375000000
22437500000
22500000000
22562500000
22625000000
22687500000
22750000000
22812500000
22875000000
22937500000
23000000000
23062500000
23125000000
23187500000
23250000000
23312500000
23375000000
23437500000
23500000000
23562500000
23625000000
23687500000
23750000000
23812500000
23875000000
23937500000
24000000000
24062500000
24125000000
24187500000
24250000000
24312500000
24375000000
24437500000
24500000000
24562500000
24625000000
24687500000
24750000000
24812500000
24875000000
24937500000
25000000000
25062500000
25125000000
25187500000
25250000000
25312500000
25375000000
25437500000
25500000000
25562500000
25625000000
25687500000
25750000000
25812500000
25875000000
25937500000
26000000000
26062500000
26125000000
26187500000
26250000000
26312500000
26375000000
26437500000
26500000000
26562500000
26625000000
26687500000
26750000000
26812500000
26875000000
26937500000
27000000000
27062500000
27125000000
27187500000
27250000000
27312500000
27375000000
27437500000
27500000000
27562500000
27625000000
27687500000
27750000000
27812500000
27875000000
27937500000
28000000000
28062500000
28125000000
28187500000
28250000000
28312500000
28375000000
28437500000
28500000000
28562500000
28625000000
28687500000
28750000000
28812500000
28875000000
28937500000
29000000000
29062500000
29125000000
29187500000
29250000000
29312500000
29375000000
29437500000
29500000000
29562500000
29625000000
29687500000
29750000000
29812500000
29875000000
29937500000
30000000000
30062500000
30125000000
30187500000
30250000000
30312500000
30375000000
30437500000
30500000000
30562500000
30625000000
30687500000
30750000000
30812500000
30875000000
30937500000
31000000000
31062500000
31125000000
31187500000
31250000000
31312500000
31375000000
31437500000
31500000000
31562500000
31625000000
31687500000
31750000000
31812500000
31875000000
31937500000
32000000000
32062500000
32125000000
32187500000
32250000000
32312500000
32375000000
32437500000
32500000000
32562500000
32625000000
32687500000
32750000000
32812500000
32875000000
32937500000
33000000000
33062500000
33125000000
33187500000
33250000000
33312500000
33375000000
33437500000
33500000000
33562500000
33625000000
33687500000
33750000000
33812500000
33875000000
33937500000
34000000000
34062500000
34125000000
34187500000
34250000000
34312500000
34375000000
34437500000
34500000000
34562500000
34625000000
34687500000
34750000000
34812500000
34875000000
34937500000
35000000000
35062500000
35125000000
35187500000
35250000000
35312500000
35375000000
35437500000
35500000000
35562500000
35625000000
35687500000
35750000000
35812500000
35875000000
35937500000
36000000000
36062500000
36125000000
36187500000
36250000000
36312500000
36375000000
36437500000
36500000000
36562500000
36625000000
36687500000
36750000000
36812500000
36875000000
36937500000
37000000000
37062500000
37125000000
37187500000
37250000000
37312500000
37375000000
37437500000
37500000000
37562500000
37625000000
37687500000
37750000000
37812500000
37875000000
37937500000
38000000000
38062500000
38125000000
38187500000
38250000000
38312500000
38375000000
38437500000
38500000000
38562500000
38625000000
38687500000
38750000000
38812500000
38875000000
38937500000
39000000000
39062500000
39125000000
39187500000
39250000000
39312500000
39375000000
39437500000
39500000000
39562500000
39625000000
39687500000
39750000000
39812500000
39875000000
39937500000
40000000000
40062500000
40125000000
40187500000
40250000000
40312500000
40375000000
40437500000
40500000000
40562500000
40625000000
40687500000
40750000000
40812500000
40875000000
40937500000
41000000000
41062500000
41125000000
41187500000
41250000000
41312500000
41375000000
41437500000
41500000000
41562500000
41625000000
41687500000
41750000000
41812500000
41875000000
41937500000
42000000000
42062500000
42125000000
42187500000
42250000000
42312500000
42375000000
42437500000
42500000000
42562500000
42625000000
42687500000
42750000000
42812500000
42875000000
42937500000
43000000000
43062500000
43125000000
43187500000
43250000000
43312500000
43375000000
43437500000
43500000000
43562500000
43625000000
43687500000
43750000000
43812500000
43875000000
43937500000
44000000000
44062500000
44125000000
44187500000
44250000000
44312500000
44375000000
44437500000
44500000000
44562500000
44625000000
44687500000
44750000000
44812500000
44875000000
44937500000
45000000000
45062500000
45125000000
45187500000
45250000000
45312500000
45375000000
45437500000
45500000000
45562500000
45625000000
45687500000
45750000000
45812500000
45875000000
45937500000
46000000000
46062500000
46125000000
46187500000
46250000000
46312500000
46375000000
46437500000
46500000000
46562500000
46625000000
46687500000
46750000000
46812500000
46875000000
46937500000
47000000000
47062500000
47125000000
47187500000
47250000000
47312500000
47375000000
47437500000
47500000000
47562500000
47625000000
47687500000
47750000000
47812500000
47875000000
47937500000
48000000000
48062500000
48125000000
48187500000
48250000000
48312500000
48375000000
48437500000
48500000000
48562500000
48625000000
48687500000
48750000000
48812500000
48875000000
48937500000
49000000000
49062500000
49125000000
49187500000
49250000000
49312500000
49375000000
49437500000
49500000000
49562500000
49625000000
49687500000
49750000000
49812500000
49875000000
49937500000
50000000000
50062500000
50125000000
50187500000
50250000000
50312500000
50375000000
50437500000
50500000000
50562500000
50625000000
50687500000
50750000000
50812500000
50875000000
50937500000
51000000000
51062500000
51125000000
51187500000
51250000000
51312500000
51375000000
51437500000
51500000000
51562500000
51625000000
51687500000
51750000000
51812500000
51875000000
51937500000
52000000000
52062500000
52125000000
52187500000
52250000000
52312500000
52375000000
52437500000
52500000000
52562500000
52625000000
52687500000
52750000000
52812500000
52875000000
52937500000
53000000000
53062500000
53125000000
53187500000
53250000000
53312500000
53375000000
53437500000
53500000000
53562500000
53625000000
53687500000
53750000000
53812500000
53875000000
53937500000
54000000000
54062500000
54125000000
54187500000
54250000000
54312500000
54375000000
54437500000
54500000000
54562500000
54625000000
54687500000
54750000000
54812500000
54875000000
54937500000
55000000000
55062500000
55125000000
55187500000
55250000000
55312500000
55375000000
55437500000
55500000000
55562500000
55625000000
55687500000
55750000000
55812500000
55875000000
55937500000
56000000000
56062500000
56125000000
56187500000
56250000000
56312500000
56375000000
56437500000
56500000000
56562500000
56625000000
56687500000
56750000000
56812500000
56875000000
56937500000
57000000000
57062500000
57125000000
57187500000
57250000000
57312500000
57375000000
57437500000
57500000000
57562500000
57625000000
57687500000
57750000000
57812500000
57875000000
57937500000
58000000000
58062500000
58125000000
58187500000
58250000000
58312500000
58375000000
58437500000
58500000000
58562500000
58625000000
58687500000
58750000000
58812500000
58875000000
58937500000
59000000000
59062500000
59125000000
59187500000
59250000000
59312500000
59375000000
59437500000
59500000000
59562500000
59625000000
59687500000
59750000000
59812500000
59875000000
59937500000
60000000000
60062500000
60125000000
60187500000
60250000000
60312500000
60375000000
60437500000
60500000000
60562500000
60625000000
60687500000
60750000000
60812500000
60875000000
60937500000
61000000000
61062500000
61125000000
61187500000
61250000000
61312500000
61375000000
61437500000
61500000000
61562500000
61625000000
61687500000
61750000000
61812500000
61875000000
61937500000
62000000000
62062500000
62125000000
62187500000
62250000000
62312500000
62375000000
62437500000
62500000000
62562500000
62625000000
62687500000
62750000000
62812500000
62875000000
62937500000
63000000000
63062500000
63125000000
63187500000
63250000000
63312500000
63375000000
63437500000
63500000000
63562500000
63625000000
63687500000
63750000000
63812500000
63875000000
63937500000
64000000000
64062500000
64125000000
64187500000
64250000000
64312500000
64375000000
64437500000
64500000000
64562500000
64625000000
64687500000
64750000000
64812500000
64875000000
64937500000
65000000000
65062500000
65125000000
65187500000
65250000000
65312500000
65375000000
65437500000
65500000000
65562500000
65625000000
65687500000
65750000000
65812500000
65875000000
65937500000
66000000000
66062500000
66125000000
66187500000
66250000000
66312500000
66375000000
66437500000
66500000000
66562500000
66625000000
66687500000
66750000000
66812500000
66875000000
66937500000
67000000000
67062500000
67125000000
67187500000
67250000000
67312500000
67375000000
67437500000
67500000000
67562500000
67625000000
67687500000
67750000000
67812500000
67875000000
67937500000
68000000000
68062500000
68125000000
68187500000
68250000000
68312500000
68375000000
68437500000
68500000000
68562500000
68625000000
68687500000
68750000000
68812500000
68875000000
68937500000
69000000000
69062500000
69125000000
69187500000
69250000000
69312500000
69375000000
69437500000
69500000000
69562500000
69625000000
69687500000
69750000000
69812500000
69875000000
69937500000
70000000000
70062500000
70125000000
70187500000
70250000000
70312500000
70375000000
70437500000
70500000000
70562500000
70625000000
70687500000
70750000000
70812500000
70875000000
70937500000
71000000000
71062500000
71125000000
71187500000
71250000000
71312500000
71375000000
71437500000
71500000000
71562500000
71625000000
71687500000
71750000000
71812500000
71875000000
71937500000
72000000000
72062500000
72125000000
72187500000
72250000000
72312500000
72375000000
72437500000
72500000000
72562500000
72625000000
72687500000
72750000000
72812500000
72875000000
72937500000
73000000000
73062500000
73125000000
73187500000
73250000000
73312500000
73375000000
73437500000
73500000000
73562500000
73625000000
73687500000
73750000000
73812500000
73875000000
73937500000
74000000000
74062500000
74125000000
74187500000
74250000000
74312500000
74375000000
74437500000
74500000000
74562500000
74625000000
74687500000
74750000000
74812500000
74875000000
74937500000
75000000000
75062500000
75125000000
75187500000
75250000000
75312500000
75375000000
75437500000
75500000000
75562500000
75625000000
75687500000
75750000000
75812500000
75875000000
75937500000
76000000000
76062500000
76125000000
76187500000
76250000000
76312500000
76375000000
76437500000
76500000000
76562500000
76625000000
76687500000
76750000000
76812500000
76875000000
76937500000
77000000000
77062500000
77125000000
77187500000
77250000000
77312500000
77375000000
77437500000
77500000000
77562500000
77625000000
77687500000
77750000000
77812500000
77875000000
77937500000
78000000000
78062500000
78125000000
78187500000
78250000000
78312500000
78375000000
78437500000
78500000000
78562500000
78625000000
78687500000
78750000000
78812500000
78875000000
78937500000
79000000000
79062500000
79125000000
79187500000
79250000000
79312500000
79375000000
79437500000
79500000000
79562500000
79625000000
79687500000
79750000000
79812500000
79875000000
79937500000
80000000000
80062500000
80125000000
80187500000
80250000000
80312500000
80375000000
80437500000
80500000000
80562500000
80625000000
80687500000
80750000000
80812500000
80875000000
80937500000
81000000000
81062500000
81125000000
81187500000
81250000000
81312500000
81375000000
81437500000
81500000000
81562500000
81625000000
81687500000
81750000000
81812500000
81875000000
81937500000
82000000000
82062500000
82125000000
82187500000
82250000000
82312500000
82375000000
82437500000
82500000000
82562500000
82625000000
82687500000
82750000000
82812500000
82875000000
82937500000
83000000000
83062500000
83125000000
83187500000
83250000000
83312500000
83375000000
83437500000
83500000000
83562500000
83625000000
83687500000
83750000000
83812500000
83875000000
83937500000
84000000000
84062500000
84125000000
84187500000
84250000000
84312500000
84375000000
84437500000
84500000000
84562500000
84625000000
84687500000
84750000000
84812500000
84875000000
84937500000
85000000000
85062500000
85125000000
85187500000
85250000000
85312500000
85375000000
85437500000
85500000000
85562500000
85625000000
85687500000
85750000000
85812500000
85875000000
85937500000
86000000000
86062500000
86125000000
86187500000
86250000000
86312500000
86375000000
86437500000
86500000000
86562500000
86625000000
86687500000
86750000000
86812500000
86875000000
86937500000
87000000000
87062500000
87125000000
87187500000
87250000000
87312500000
87375000000
87437500000
87500000000
87562500000
87625000000
87687500000
87750000000
87812500000
87875000000
87937500000
88000000000
88062500000
88125000000
88187500000
88250000000
88312500000
88375000000
88437500000
88500000000
88562500000
88625000000
88687500000
88750000000
88812500000
88875000000
88937500000
89000000000
89062500000
89125000000
89187500000
89250000000
89312500000
89375000000
89437500000
89500000000
89562500000
89625000000
89687500000
89750000000
89812500000
89875000000
89937500000
90000000000
90062500000
90125000000
90187500000
90250000000
90312500000
90375000000
90437500000
90500000000
90562500000
90625000000
90687500000
90750000000
90812500000
90875000000
90937500000
91000000000
91062500000
91125000000
91187500000
91250000000
91312500000
91375000000
91437500000
91500000000
91562500000
91625000000
91687500000
91750000000
91812500000
91875000000
91937500000
92000000000
92062500000
92125000000
92187500000
92250000000
92312500000
92375000000
92437500000
92500000000
92562500000
92625000000
92687500000
92750000000
92812500000
92875000000
92937500000
93000000000
93062500000
93125000000
93187500000
93250000000
93312500000
93375000000
93437500000
93500000000
93562500000
93625000000
93687500000
93750000000
93812500000
93875000000
93937500000
94000000000
94062500000
94125000000
94187500000
94250000000
94312500000
94375000000
94437500000
94500000000
94562500000
94625000000
94687500000
94750000000
94812500000
94875000000
94937500000
95000000000
95062500000
95125000000
95187500000
95250000000
95312500000
95375000000
95437500000
95500000000
95562500000
95625000000
95687500000
95750000000
95812500000
95875000000
95937500000
